483
493
503
523
573
583
593
603
623
643
653
663
673
683
693
703
713
723
733
743
753
763
793
803
813
823
833
853
863
883
893
903
913
923
933
943
963
973
983
993
1003
1023
1033
1043
1053
1063
1073
1083
1093
1103
1133
1143
1153
1163
1173
1193
1203
1213
1223
1233
1243
1253
1263
1273
1293
1303
1313
1323
1343
1353
1363
1373
1383
1403
1413
1423
1433
1453
1463
1473
1493
1503
1513
1613
1623
1633
1643
1653
1663
1673
1693
1703
1713
1723
1733
1743
1753
1763
1773
1783
1793
1813
1823
1833
1843
1853
1893
1903
1923
1933
1943
1953
2013
2023
2043
2073
2083
2093
2103
2113
2123
2133
2143
2163
2173
2174
2175
2176
2177
2178
2179
2180
2181
2182
2183
2184
2185
2186
2187
2188
2189
2190
2191
2192
