294
243
309
295
311
3
88
91
92
6
205
93
89
4
317
319
312
5
73
207
237
56
283
282
281
67
70
83
82
80
226
229
230
227
194
196
111
325
241
242
113
223
1
279
278
323
186
184
185
238
206
183
43
129
46
44
45
37
40
41
39
38
47
286
285
12
36
32
34
310
33
35
31
273
74
78
75
187
126
232
189
188
181
182
7
8
16
10
20
18
22
231
190
191
277
193
192
275
127
128
54
59
175
272
173
174
172
244
158
138
140
139
141
143
163
168
234
233
169
170
249
236
308
153
149
135
159
144
145
291
148
146
147
292
195
321
263
222
254
261
260
262
268
270
259
271
257
256
258
269
264
266
265
267
307
235
179
202
203
204
250
251
252
253
