001001001
001001002
001001003
001001004
001001005
001001006
001001008
001001009
001001010
001001011
001001012
001001013
001001014
001001015
001002001
001003001
001003002
001003003
001003004
001003005
001003006
001003007
001003008
001003009
001003010
001003011
001003012
001003013
001003014
001004001
001004002
001004003
001005001
002001001
002001002
002001003
002002001
002002002
002002003
002002004
002002005
002002006
002002007
002002008
002002009
002002010
002002011
002003001
002003002
002003003
002003004
002003005
002003006
002003007
002004001
002004002
002004003
002005001
002005002
002005003
003001001
003001002
003001003
003001004
003001005
003001006
003001007
003001008
003001009
003001010
003001011
003002001
003002002
003002003
003002004
003002005
003003001
003003002
003003003
003003004
003004001
003004002
004001001
004001002
004001003
004002001
004002002
004002003
004003001
004003002
004003003
004003004
004004001
004004002
004004003
004004004
005001001
005001003
005001004
005001005
005001006
005001007
005001008
005001009
005001010
005001012
005002001
005002002
005002004
005002005
005002006
005002007
005003001
005003002
005003003
005004001
005004002
005004003
005004004
005005001
005005002
005005003
005005005
005005006
005006001
005006002
005006003
005006004
005007001
005007002
005007003
006001001
006001002
006001003
006001004
006002001
006002002
006002003
006002004
006002005
006002006
006002007
006002008
006003001
006003002
006003003
006003004
006004001
006004002
006004003
006004004
006005001
006005002
006005003
006006001
006006002
006006003
006006004
006006005
006006006
007001001
007001002
007001003
007001004
007001005
007001006
007001007
007001008
007001009
007001010
007001011
007001012
007002001
007002002
007002003
007003001
007003002
007003003
007003004
007003005
007004001
007004002
007004003
007004004
007005001
007005002
007005003
007005004
007005005
007006001
007006002
007006003
007006004
007006005
007006006
007006007
007006008
007007001
007007002
007007003
007007004
007007005
007007006
007007007
007008001
007008002
007008003
007009001
007009002
007009003
007009004
007009005
007009006
007010001
007010003
007010004
007011001
007011002
007011003
007011004
008001001
008001002
008002001
008002002
008002003
008002004
008002005
008002006
008003001
008003002
009001001
009001002
009001003
009001004
009001005
009002001
009002002
009002003
009002004
009002005
009003001
009003002
009003003
009003004
009003005
009003006
009003007
009003008
009003009
009004001
009004002
009004003
010001001
010001002
010001004
010001005
010002001
010002002
010002003
010003001
010003002
010003003
010003004
010003005
010003006
010003008
010003009
010003010
010003012
010003013
010004001
010004002
010004003
010005001
011001002
011001003
011001004
011001005
011002001
011002002
011002003
011002004
011002006
011003001
011003003
012001001
012001002
012001003
012001004
012001005
012002001
012002002
012002003
012003001
012003002
012003003
012003004
012003005
012003006
012003007
012003008
012003009
012004001
012004002
012004003
012005001
012005002
012005003
012005004
012005005
012005006
012006001
012006002
012006003
012006004
012006005
012007001
012007002
012007003
012007004
012007005
012008001
012008002
012008003
012009002
012009003
012009005
013001001
013001002
013001003
013001004
013001005
013001006
013001007
013001008
013001009
013001010
013002001
013002002
013002003
013002004
013002005
013002006
013003001
013003002
013003003
013004001
013004002
013004003
013004004
013005001
013005003
013005004
013006001
013006002
013006003
013006004
013007001
013007002
013008002
013008003
014001001
014002001
014004001
014004002
015001003
015001004
015002001
015002002
015002003
015003001
016001001
